1.105440417631869612e-04 3.987622926040534693e-05 -1.371615176917940441e-03 -4.614480410853184604e-04 -4.041828883659798189e-05 3.645490322733531342e-04
3.987622926040534693e-05 2.326402333326110946e-04 -2.387413697108669523e-03 -1.560339636801717691e-03 -2.755963102488788560e-04 -1.571878948412592679e-03
-1.371615176917940441e-03 -2.387413697108669523e-03 5.534966126229329264e-02 2.580211856692977979e-02 1.767311198141328357e-03 1.157811541092989248e-02
-4.614480410853184604e-04 -1.560339636801717691e-03 2.580211856692977979e-02 4.339116484177330674e-02 5.480486598775631199e-03 2.205264049844081128e-02
-4.041828883659798189e-05 -2.755963102488788560e-04 1.767311198141328357e-03 5.480486598775631199e-03 3.031724970698163307e-03 3.850776325635575561e-03
3.645490322733531342e-04 -1.571878948412592679e-03 1.157811541092989248e-02 2.205264049844081128e-02 3.850776325635575561e-03 7.839902770852817671e-02
